----Fold 0----
0.5132616758346558
0.713261604309082
0.3132616877555847
0.41326165199279785
0.4132617115974426
0.5132616758346558
0.4132617115974426
0.3132616877555847
0.41326165199279785
0.6132615804672241
0.6132616400718689
0.4132617115974426
0.4132617115974426
0.41326165199279785
0.713261604309082
0.6132615804672241
0.41326165199279785
0.6132616400718689
0.713261604309082
0.41326165199279785
0.41326165199279785
0.6132615804672241
0.5132616758346558
0.4132617115974426
0.6132615804672241
0.41326165199279785
0.3132616877555847
0.5132616758346558
0.5132616758346558
0.5132616758346558
0.6132615804672241
0.5132616758346558
0.6132615804672241
0.4132617115974426
0.41326165199279785
0.6132616400718689
0.5132616758346558
0.5132616758346558
0.513261616230011
0.5132616758346558
0.5132616758346558
0.513261616230011
0.513261616230011
0.6132615804672241
0.5132616758346558
0.41326165199279785
0.513261616230011
0.6132616400718689
0.5132616758346558
0.6132616400718689
----Fold 1----
0.5859889388084412
0.5859888792037964
0.40417078137397766
0.4041707217693329
0.4041707217693329
0.4041707217693329
0.40417078137397766
0.3132616877555847
0.4950798749923706
0.6768980026245117
0.4041707217693329
0.4950798749923706
0.3132616877555847
0.3132616877555847
0.49507978558540344
0.49507981538772583
0.3132616877555847
0.4950798749923706
0.3132616877555847
0.40417078137397766
0.3132616877555847
0.3132616877555847
0.5859888792037964
0.40417078137397766
0.49507981538772583
0.40417078137397766
0.40417078137397766
0.5859889388084412
0.49507981538772583
0.4950798749923706
0.4041707217693329
0.3132616877555847
0.40417078137397766
0.49507981538772583
0.49507981538772583
0.4950798749923706
0.5859889388084412
0.4041707217693329
0.4041707217693329
0.3132616877555847
0.3132616877555847
0.3132616877555847
0.3132616877555847
0.40417078137397766
0.4950798749923706
0.4950798749923706
0.40417078137397766
0.40417078137397766
0.3132616877555847
0.40417078137397766
